dataset_name: 'rrxio'
use_thermal: 1
camera_params:
  image_height: 512
  image_width: 640
  fx: 404.98
  fy: 405.06
  cx: 319.05
  cy: 251.84
  crop_edge: 0
  png_depth_scale: 500.0 # to keep the fractional part, we converted the radar depth to 16-bit PNG with a scale of 500.
  distortion: [-0.09202092749042277, 0.04012198239889151, -0.03795923559427829, 0.010728597805678742]
  distortion_model: 'equidistant'
